coder@candy-npu:~/workspace/sglang-test/fused_moe_kernel_gptq_awq$ TRITON_INTERPRET=1 python test_fused_moe_kernel_gptq_awq.py 
==================================================
A.shape=torch.Size([16, 64]), B.shape=torch.Size([2, 32, 64]), C.shape=torch.Size([16, 2, 32])
B_scale.shape=torch.Size([2, 32, 4])
B_zp.shape=None
topk_weights.shape=torch.Size([16, 2])
sorted_token_ids.shape=torch.Size([32])
expert_ids.shape=torch.Size([32])
num_tokens_post_padded=tensor([32], device='npu:0', dtype=torch.int32)
N=32, K=64, EM=32, num_valid_tokens=32
stride_am=64, stride_ak=1, stride_be=2048, stride_bk=1, stride_bn=64
stride_cm=32, stride_cn=1
stride_bse=128, stride_bsk=1, stride_bsn=4
stride_bze=0, stride_bzk=0, stride_bzn=0
group_size=16
top_k=2
BLOCK_SIZE_M=16, BLOCK_SIZE_N=16, BLOCK_SIZE_K=16, GROUP_SIZE_M=1
MUL_ROUTED_WEIGHT=False
compute_type=fp32
has_zp=False
use_int4_w4a16=False
use_int8_w8a16=True
even_Ks=True
--------------------------------------------------
调试输出：
dbg_a (A tile) shape: torch.Size([16, 16]), dtype=torch.float32
dbg_b_raw (B raw tile) shape: torch.Size([16, 16]), dtype=torch.float32
dbg_scale (scale tile) shape: torch.Size([16, 16]), dtype=torch.float32
dbg_b_deq (B deq tile) shape: torch.Size([16, 16]), dtype=torch.float32
dbg_acc (accumulator tile) shape: torch.Size([16, 16]), dtype=torch.float32
[W919 05:39:09.202526585 compiler_depend.ts:159] Warning: Warning: Device do not support double dtype now, dtype cast repalce with float. (function operator())
dbg_a: tensor([[0.0000, 0.0100, 0.0200, 0.0300, 0.0400, 0.0500, 0.0600, 0.0700, 0.0800,
         0.0900, 0.1000, 0.1100, 0.1200, 0.1300, 0.1400, 0.1500],
        [0.0000, 0.0100, 0.0200, 0.0300, 0.0400, 0.0500, 0.0600, 0.0700, 0.0800,
         0.0900, 0.1000, 0.1100, 0.1200, 0.1300, 0.1400, 0.1500],
        [0.0000, 0.0100, 0.0200, 0.0300, 0.0400, 0.0500, 0.0600, 0.0700, 0.0800,
         0.0900, 0.1000, 0.1100, 0.1200, 0.1300, 0.1400, 0.1500],
        [0.0000, 0.0100, 0.0200, 0.0300, 0.0400, 0.0500, 0.0600, 0.0700, 0.0800,
         0.0900, 0.1000, 0.1100, 0.1200, 0.1300, 0.1400, 0.1500],
        [0.6400, 0.6500, 0.6600, 0.6700, 0.6800, 0.6900, 0.7000, 0.7100, 0.7200,
         0.7300, 0.7400, 0.7500, 0.7600, 0.7700, 0.7800, 0.7900],
        [0.6400, 0.6500, 0.6600, 0.6700, 0.6800, 0.6900, 0.7000, 0.7100, 0.7200,
         0.7300, 0.7400, 0.7500, 0.7600, 0.7700, 0.7800, 0.7900],
        [0.6400, 0.6500, 0.6600, 0.6700, 0.6800, 0.6900, 0.7000, 0.7100, 0.7200,
         0.7300, 0.7400, 0.7500, 0.7600, 0.7700, 0.7800, 0.7900],
        [0.6400, 0.6500, 0.6600, 0.6700, 0.6800, 0.6900, 0.7000, 0.7100, 0.7200,
         0.7300, 0.7400, 0.7500, 0.7600, 0.7700, 0.7800, 0.7900],
        [1.2800, 1.2900, 1.3000, 1.3100, 1.3200, 1.3300, 1.3400, 1.3500, 1.3600,
         1.3700, 1.3800, 1.3900, 1.4000, 1.4100, 1.4200, 1.4300],
        [1.2800, 1.2900, 1.3000, 1.3100, 1.3200, 1.3300, 1.3400, 1.3500, 1.3600,
         1.3700, 1.3800, 1.3900, 1.4000, 1.4100, 1.4200, 1.4300],
        [1.2800, 1.2900, 1.3000, 1.3100, 1.3200, 1.3300, 1.3400, 1.3500, 1.3600,
         1.3700, 1.3800, 1.3900, 1.4000, 1.4100, 1.4200, 1.4300],
        [1.2800, 1.2900, 1.3000, 1.3100, 1.3200, 1.3300, 1.3400, 1.3500, 1.3600,
         1.3700, 1.3800, 1.3900, 1.4000, 1.4100, 1.4200, 1.4300],
        [1.9200, 1.9300, 1.9400, 1.9500, 1.9600, 1.9700, 1.9800, 1.9900, 2.0000,
         2.0100, 2.0200, 2.0300, 2.0400, 2.0500, 2.0600, 2.0700],
        [1.9200, 1.9300, 1.9400, 1.9500, 1.9600, 1.9700, 1.9800, 1.9900, 2.0000,
         2.0100, 2.0200, 2.0300, 2.0400, 2.0500, 2.0600, 2.0700],
        [1.9200, 1.9300, 1.9400, 1.9500, 1.9600, 1.9700, 1.9800, 1.9900, 2.0000,
         2.0100, 2.0200, 2.0300, 2.0400, 2.0500, 2.0600, 2.0700],
        [1.9200, 1.9300, 1.9400, 1.9500, 1.9600, 1.9700, 1.9800, 1.9900, 2.0000,
         2.0100, 2.0200, 2.0300, 2.0400, 2.0500, 2.0600, 2.0700]],
       device='npu:0')
dbg_b_raw: tensor([[-64., -59., -54., -49., -44., -39., -34., -29., -24., -19., -14.,  -9.,
          -4.,   1.,   6.,  11.],
        [-63., -58., -53., -48., -43., -38., -33., -28., -23., -18., -13.,  -8.,
          -3.,   2.,   7.,  12.],
        [-62., -57., -52., -47., -42., -37., -32., -27., -22., -17., -12.,  -7.,
          -2.,   3.,   8.,  13.],
        [-61., -56., -51., -46., -41., -36., -31., -26., -21., -16., -11.,  -6.,
          -1.,   4.,   9.,  14.],
        [-60., -55., -50., -45., -40., -35., -30., -25., -20., -15., -10.,  -5.,
           0.,   5.,  10.,  15.],
        [-59., -54., -49., -44., -39., -34., -29., -24., -19., -14.,  -9.,  -4.,
           1.,   6.,  11.,  16.],
        [-58., -53., -48., -43., -38., -33., -28., -23., -18., -13.,  -8.,  -3.,
           2.,   7.,  12.,  17.],
        [-57., -52., -47., -42., -37., -32., -27., -22., -17., -12.,  -7.,  -2.,
           3.,   8.,  13.,  18.],
        [-56., -51., -46., -41., -36., -31., -26., -21., -16., -11.,  -6.,  -1.,
           4.,   9.,  14.,  19.],
        [-55., -50., -45., -40., -35., -30., -25., -20., -15., -10.,  -5.,   0.,
           5.,  10.,  15.,  20.],
        [-54., -49., -44., -39., -34., -29., -24., -19., -14.,  -9.,  -4.,   1.,
           6.,  11.,  16.,  21.],
        [-53., -48., -43., -38., -33., -28., -23., -18., -13.,  -8.,  -3.,   2.,
           7.,  12.,  17.,  22.],
        [-52., -47., -42., -37., -32., -27., -22., -17., -12.,  -7.,  -2.,   3.,
           8.,  13.,  18.,  23.],
        [-51., -46., -41., -36., -31., -26., -21., -16., -11.,  -6.,  -1.,   4.,
           9.,  14.,  19.,  24.],
        [-50., -45., -40., -35., -30., -25., -20., -15., -10.,  -5.,   0.,   5.,
          10.,  15.,  20.,  25.],
        [-49., -44., -39., -34., -29., -24., -19., -14.,  -9.,  -4.,   1.,   6.,
          11.,  16.,  21.,  26.]], device='npu:0')
dbg_scale: tensor([[0.1000, 0.2000, 0.1000, 0.2000, 0.1000, 0.2000, 0.1000, 0.2000, 0.1000,
         0.2000, 0.1000, 0.2000, 0.1000, 0.2000, 0.1000, 0.2000],
        [0.1000, 0.2000, 0.1000, 0.2000, 0.1000, 0.2000, 0.1000, 0.2000, 0.1000,
         0.2000, 0.1000, 0.2000, 0.1000, 0.2000, 0.1000, 0.2000],
        [0.1000, 0.2000, 0.1000, 0.2000, 0.1000, 0.2000, 0.1000, 0.2000, 0.1000,
         0.2000, 0.1000, 0.2000, 0.1000, 0.2000, 0.1000, 0.2000],
        [0.1000, 0.2000, 0.1000, 0.2000, 0.1000, 0.2000, 0.1000, 0.2000, 0.1000,
         0.2000, 0.1000, 0.2000, 0.1000, 0.2000, 0.1000, 0.2000],
        [0.1000, 0.2000, 0.1000, 0.2000, 0.1000, 0.2000, 0.1000, 0.2000, 0.1000,
         0.2000, 0.1000, 0.2000, 0.1000, 0.2000, 0.1000, 0.2000],
        [0.1000, 0.2000, 0.1000, 0.2000, 0.1000, 0.2000, 0.1000, 0.2000, 0.1000,
         0.2000, 0.1000, 0.2000, 0.1000, 0.2000, 0.1000, 0.2000],
        [0.1000, 0.2000, 0.1000, 0.2000, 0.1000, 0.2000, 0.1000, 0.2000, 0.1000,
         0.2000, 0.1000, 0.2000, 0.1000, 0.2000, 0.1000, 0.2000],
        [0.1000, 0.2000, 0.1000, 0.2000, 0.1000, 0.2000, 0.1000, 0.2000, 0.1000,
         0.2000, 0.1000, 0.2000, 0.1000, 0.2000, 0.1000, 0.2000],
        [0.1000, 0.2000, 0.1000, 0.2000, 0.1000, 0.2000, 0.1000, 0.2000, 0.1000,
         0.2000, 0.1000, 0.2000, 0.1000, 0.2000, 0.1000, 0.2000],
        [0.1000, 0.2000, 0.1000, 0.2000, 0.1000, 0.2000, 0.1000, 0.2000, 0.1000,
         0.2000, 0.1000, 0.2000, 0.1000, 0.2000, 0.1000, 0.2000],
        [0.1000, 0.2000, 0.1000, 0.2000, 0.1000, 0.2000, 0.1000, 0.2000, 0.1000,
         0.2000, 0.1000, 0.2000, 0.1000, 0.2000, 0.1000, 0.2000],
        [0.1000, 0.2000, 0.1000, 0.2000, 0.1000, 0.2000, 0.1000, 0.2000, 0.1000,
         0.2000, 0.1000, 0.2000, 0.1000, 0.2000, 0.1000, 0.2000],
        [0.1000, 0.2000, 0.1000, 0.2000, 0.1000, 0.2000, 0.1000, 0.2000, 0.1000,
         0.2000, 0.1000, 0.2000, 0.1000, 0.2000, 0.1000, 0.2000],
        [0.1000, 0.2000, 0.1000, 0.2000, 0.1000, 0.2000, 0.1000, 0.2000, 0.1000,
         0.2000, 0.1000, 0.2000, 0.1000, 0.2000, 0.1000, 0.2000],
        [0.1000, 0.2000, 0.1000, 0.2000, 0.1000, 0.2000, 0.1000, 0.2000, 0.1000,
         0.2000, 0.1000, 0.2000, 0.1000, 0.2000, 0.1000, 0.2000],
        [0.1000, 0.2000, 0.1000, 0.2000, 0.1000, 0.2000, 0.1000, 0.2000, 0.1000,
         0.2000, 0.1000, 0.2000, 0.1000, 0.2000, 0.1000, 0.2000]],
       device='npu:0')
dbg_b_deq: tensor([[-19.2000, -37.4000, -18.2000, -35.4000, -17.2000, -33.4000, -16.2000,
         -31.4000, -15.2000, -29.4000, -14.2000, -27.4000, -13.2000, -25.4000,
         -12.2000, -23.4000],
        [-19.1000, -37.2000, -18.1000, -35.2000, -17.1000, -33.2000, -16.1000,
         -31.2000, -15.1000, -29.2000, -14.1000, -27.2000, -13.1000, -25.2000,
         -12.1000, -23.2000],
        [-19.0000, -37.0000, -18.0000, -35.0000, -17.0000, -33.0000, -16.0000,
         -31.0000, -15.0000, -29.0000, -14.0000, -27.0000, -13.0000, -25.0000,
         -12.0000, -23.0000],
        [-18.9000, -36.8000, -17.9000, -34.8000, -16.9000, -32.8000, -15.9000,
         -30.8000, -14.9000, -28.8000, -13.9000, -26.8000, -12.9000, -24.8000,
         -11.9000, -22.8000],
        [-18.8000, -36.6000, -17.8000, -34.6000, -16.8000, -32.6000, -15.8000,
         -30.6000, -14.8000, -28.6000, -13.8000, -26.6000, -12.8000, -24.6000,
         -11.8000, -22.6000],
        [-18.7000, -36.4000, -17.7000, -34.4000, -16.7000, -32.4000, -15.7000,
         -30.4000, -14.7000, -28.4000, -13.7000, -26.4000, -12.7000, -24.4000,
         -11.7000, -22.4000],
        [-18.6000, -36.2000, -17.6000, -34.2000, -16.6000, -32.2000, -15.6000,
         -30.2000, -14.6000, -28.2000, -13.6000, -26.2000, -12.6000, -24.2000,
         -11.6000, -22.2000],
        [-18.5000, -36.0000, -17.5000, -34.0000, -16.5000, -32.0000, -15.5000,
         -30.0000, -14.5000, -28.0000, -13.5000, -26.0000, -12.5000, -24.0000,
         -11.5000, -22.0000],
        [-18.4000, -35.8000, -17.4000, -33.8000, -16.4000, -31.8000, -15.4000,
         -29.8000, -14.4000, -27.8000, -13.4000, -25.8000, -12.4000, -23.8000,
         -11.4000, -21.8000],
        [-18.3000, -35.6000, -17.3000, -33.6000, -16.3000, -31.6000, -15.3000,
         -29.6000, -14.3000, -27.6000, -13.3000, -25.6000, -12.3000, -23.6000,
         -11.3000, -21.6000],
        [-18.2000, -35.4000, -17.2000, -33.4000, -16.2000, -31.4000, -15.2000,
         -29.4000, -14.2000, -27.4000, -13.2000, -25.4000, -12.2000, -23.4000,
         -11.2000, -21.4000],
        [-18.1000, -35.2000, -17.1000, -33.2000, -16.1000, -31.2000, -15.1000,
         -29.2000, -14.1000, -27.2000, -13.1000, -25.2000, -12.1000, -23.2000,
         -11.1000, -21.2000],
        [-18.0000, -35.0000, -17.0000, -33.0000, -16.0000, -31.0000, -15.0000,
         -29.0000, -14.0000, -27.0000, -13.0000, -25.0000, -12.0000, -23.0000,
         -11.0000, -21.0000],
        [-17.9000, -34.8000, -16.9000, -32.8000, -15.9000, -30.8000, -14.9000,
         -28.8000, -13.9000, -26.8000, -12.9000, -24.8000, -11.9000, -22.8000,
         -10.9000, -20.8000],
        [-17.8000, -34.6000, -16.8000, -32.6000, -15.8000, -30.6000, -14.8000,
         -28.6000, -13.8000, -26.6000, -12.8000, -24.6000, -11.8000, -22.6000,
         -10.8000, -20.6000],
        [-17.7000, -34.4000, -16.7000, -32.4000, -15.7000, -30.4000, -14.7000,
         -28.4000, -13.7000, -26.4000, -12.7000, -24.4000, -11.7000, -22.4000,
         -10.7000, -20.4000]], device='npu:0')
dbg_acc: tensor([[0., 0., 0., 0., 0., 0., 0., 0., 0., 0., 0., 0., 0., 0., 0., 0.],
        [0., 0., 0., 0., 0., 0., 0., 0., 0., 0., 0., 0., 0., 0., 0., 0.],
        [0., 0., 0., 0., 0., 0., 0., 0., 0., 0., 0., 0., 0., 0., 0., 0.],
        [0., 0., 0., 0., 0., 0., 0., 0., 0., 0., 0., 0., 0., 0., 0., 0.],
        [0., 0., 0., 0., 0., 0., 0., 0., 0., 0., 0., 0., 0., 0., 0., 0.],
        [0., 0., 0., 0., 0., 0., 0., 0., 0., 0., 0., 0., 0., 0., 0., 0.],
        [0., 0., 0., 0., 0., 0., 0., 0., 0., 0., 0., 0., 0., 0., 0., 0.],
        [0., 0., 0., 0., 0., 0., 0., 0., 0., 0., 0., 0., 0., 0., 0., 0.],
        [0., 0., 0., 0., 0., 0., 0., 0., 0., 0., 0., 0., 0., 0., 0., 0.],
        [0., 0., 0., 0., 0., 0., 0., 0., 0., 0., 0., 0., 0., 0., 0., 0.],
        [0., 0., 0., 0., 0., 0., 0., 0., 0., 0., 0., 0., 0., 0., 0., 0.],
        [0., 0., 0., 0., 0., 0., 0., 0., 0., 0., 0., 0., 0., 0., 0., 0.],
        [0., 0., 0., 0., 0., 0., 0., 0., 0., 0., 0., 0., 0., 0., 0., 0.],
        [0., 0., 0., 0., 0., 0., 0., 0., 0., 0., 0., 0., 0., 0., 0., 0.],
        [0., 0., 0., 0., 0., 0., 0., 0., 0., 0., 0., 0., 0., 0., 0., 0.],
        [0., 0., 0., 0., 0., 0., 0., 0., 0., 0., 0., 0., 0., 0., 0., 0.]],
       device='npu:0')
--------------------------------------------------
check a tile max|diff|: 0.0
check b_raw tile max|diff|: 0.0
check scale tile max|diff|: 0.0
check b_deq tile max|diff|: 0.0
==================================================
Before cast dtypes: A=torch.float32, B=torch.int8, B_scale=torch.float32, C=torch.float32
NPU计算结果：
C矩阵形状: torch.Size([16, 2, 32]), dtype=torch.float32
C矩阵中非零元素比例: 0.500000
手动计算结果： tensor([ -919.4400, -1775.6799,  -856.2401, -1649.2799,  -793.0400, -1522.8800,
         -729.8400, -1396.4801,  -666.6400, -1270.0800,  -603.4400, -1143.6799,
         -540.2400, -1081.7920,  -662.8960, -1544.1920,  -868.4960, -1846.5920,
         -968.4960, -2008.1921, -1014.9921, -2030.7841, -1009.3920, -1983.2321,
         -966.4160, -1876.0320,  -906.8000, -1750.4001,  -843.6000, -1624.0000,
         -780.4000, -1497.6000], device='npu:0')
Kernel计算结果： tensor([ -919.4399, -1775.6801,  -856.2400, -1649.2800,  -793.0400, -1522.8801,
         -729.8400, -1396.4800,  -666.6400, -1270.0801,  -603.4401, -1143.6801,
         -540.2400, -1081.7920,  -662.8960, -1544.1920,  -868.4960, -1846.5920,
         -968.4960, -2008.1919, -1014.9921, -2030.7841, -1009.3920, -1983.2321,
         -966.4160, -1876.0321,  -906.8000, -1750.3999,  -843.6000, -1624.0000,
         -780.4000, -1497.6001], device='npu:0')
差异 tensor(0.0002, device='npu:0')